Ver 1 - No Censoring

              mean se_mean   sd  2.5%   25%   50%   75% 97.5% n_eff Rhat
alp           2.50       0 0.09  2.33  2.44  2.50  2.56  2.68  7464    1
gam           5.38       0 0.11  5.16  5.31  5.38  5.45  5.60 15538    1
sig[1]        0.08       0 0.04  0.01  0.04  0.07  0.10  0.16 11765    1
sig[2]        0.05       0 0.03  0.01  0.03  0.04  0.06  0.11 18000    1
sig[3]        0.09       0 0.05  0.02  0.06  0.09  0.12  0.19 11850    1
sig[4]        0.06       0 0.04  0.01  0.03  0.06  0.08  0.15 18000    1
sig[5]        0.08       0 0.05  0.01  0.04  0.07  0.11  0.19 18000    1
beta_err1     0.08       0 0.05 -0.01  0.05  0.08  0.11  0.17 18000    1
beta_err2     2.39       0 0.10  2.21  2.33  2.39  2.46  2.58  8040    1
beta_repair  -0.07       0 0.05 -0.17 -0.10 -0.07 -0.04  0.02 18000    1
beta_kWh     -3.34       0 0.12 -3.59 -3.42 -3.34 -3.26 -3.09  7688    1
beta_weather  0.09       0 0.05 -0.01  0.06  0.09  0.13  0.19 16125    1


Ver 2 - No Censoring 
              mean se_mean   sd  2.5%   25%   50%   75% 97.5% n_eff Rhat
alp           2.61       0 0.13  2.37  2.52  2.60  2.69  2.88  2374    1
gam           5.10       0 0.14  4.81  5.00  5.10  5.19  5.37  3713    1
sig[1]        0.72       0 0.12  0.49  0.65  0.73  0.80  0.95  2682    1
sig[2]        0.20       0 0.10  0.08  0.13  0.18  0.26  0.43  4297    1
sig[3]        0.47       0 0.13  0.17  0.38  0.47  0.56  0.71  3195    1
sig[4]        0.35       0 0.17  0.09  0.22  0.34  0.47  0.71  4130    1
sig[5]        0.34       0 0.16  0.09  0.22  0.33  0.45  0.68  4997    1
beta_err1     0.17       0 0.06  0.06  0.13  0.17  0.21  0.28  5793    1
beta_err2     2.54       0 0.13  2.28  2.45  2.53  2.62  2.82  2656    1
beta_repair  -0.15       0 0.05 -0.26 -0.19 -0.15 -0.11 -0.04  6228    1
beta_kWh     -3.50       0 0.18 -3.88 -3.62 -3.49 -3.38 -3.16  2479    1
beta_weather -0.16       0 0.08 -0.32 -0.21 -0.16 -0.11 -0.02  3450    1

Ver 1 - Censoring


Ver 2 - Censoring
              mean se_mean   sd  2.5%   25%   50%   75% 97.5% n_eff Rhat
alp           2.69    0.00 0.22  2.30  2.54  2.67  2.82  3.16  2014    1
gam           5.47    0.01 0.51  4.58  5.12  5.43  5.78  6.57  5343    1
sig[1]        0.53    0.00 0.27  0.10  0.32  0.52  0.72  1.08  3873    1
sig[2]        0.30    0.00 0.17  0.09  0.16  0.26  0.39  0.70  5828    1
sig[3]        0.46    0.00 0.24  0.10  0.27  0.44  0.62  1.00  4761    1
sig[4]        0.48    0.00 0.31  0.09  0.24  0.43  0.66  1.22  6717    1
sig[5]        0.53    0.00 0.32  0.10  0.28  0.49  0.72  1.27  6303    1
beta_err1     0.03    0.00 0.12 -0.22 -0.05  0.03  0.11  0.26  8227    1
beta_err2     2.73    0.00 0.21  2.36  2.58  2.71  2.86  3.18  2138    1
beta_repair  -0.22    0.00 0.13 -0.47 -0.31 -0.22 -0.14  0.03  7422    1
beta_kWh     -3.58    0.01 0.28 -4.19 -3.75 -3.56 -3.38 -3.09  2098    1
beta_weather -0.15    0.00 0.14 -0.45 -0.24 -0.14 -0.05  0.12  5407    1


Direct Z Method

              mean se_mean   sd  2.5%   25%   50%   75% 97.5% n_eff Rhat
alp           2.36    0.00 0.08  2.20  2.30  2.36  2.41  2.51  6187    1
gam           6.67    0.01 0.78  5.71  6.12  6.49  7.02  8.69  3352    1
Z[1]          0.45    0.01 0.43  0.01  0.13  0.32  0.62  1.59  3717    1
Z[2]          0.41    0.01 0.32  0.03  0.18  0.34  0.55  1.24  3408    1
Z[3]          0.54    0.00 0.27  0.13  0.35  0.50  0.68  1.20  3423    1
Z[4]          0.56    0.01 0.33  0.09  0.33  0.51  0.74  1.38  3607    1
Z[5]          0.34    0.01 0.31  0.01  0.12  0.25  0.46  1.16  3466    1
beta_err1    -0.01    0.00 0.05 -0.10 -0.04 -0.01  0.02  0.07 12610    1
beta_err2     2.32    0.00 0.09  2.15  2.26  2.32  2.38  2.50  6552    1
beta_repair  -0.13    0.00 0.05 -0.22 -0.16 -0.13 -0.10 -0.04 13788    1
beta_kWh     -3.09    0.00 0.11 -3.32 -3.17 -3.09 -3.02 -2.87  7139    1
beta_weather  0.06    0.00 0.23 -0.37 -0.07  0.05  0.18  0.60  4004    1


              mean se_mean   sd  2.5%   25%   50%   75% 97.5% n_eff Rhat
alp           2.92    0.00 0.19  2.55  2.79  2.92  3.06  3.30  6818    1
gam           6.79    0.01 0.83  5.57  6.22  6.65  7.22  8.77  5811    1
Z[1]          0.57    0.01 0.47  0.02  0.21  0.46  0.80  1.78  6111    1
Z[2]          0.48    0.01 0.38  0.02  0.19  0.39  0.67  1.46  5266    1
Z[3]          0.97    0.01 0.37  0.31  0.72  0.95  1.20  1.79  5253    1
Z[4]          0.41    0.00 0.33  0.01  0.16  0.34  0.58  1.23  6143    1
Z[5]          0.48    0.00 0.38  0.02  0.19  0.39  0.67  1.45  5938    1
beta_err1     0.01    0.00 0.10 -0.18 -0.05  0.01  0.08  0.20 12254    1
beta_err2     2.78    0.00 0.18  2.44  2.66  2.78  2.90  3.13  6978    1
beta_repair  -0.16    0.00 0.10 -0.36 -0.23 -0.16 -0.10  0.03 13082    1
beta_kWh     -3.87    0.00 0.25 -4.36 -4.03 -3.87 -3.70 -3.39  6733    1
beta_weather  0.19    0.00 0.27 -0.35  0.02  0.18  0.35  0.77  6185    1